                          Area.peak KS.trans Combined
spec-4773-55648-0532.fits  0.998172 1.000000 0.998172
spec-6495-56339-0338.fits  0.996457 1.000000 0.996457
spec-6746-56386-0120.fits  0.996200 1.000000 0.996200
spec-6967-56447-0063.fits  0.993031 1.000000 0.993031
spec-4200-55499-0316.fits  0.990401 1.000000 0.990401
spec-6689-56396-0037.fits  0.990345 1.000000 0.990345
spec-3679-55209-0232.fits  0.989884 1.000000 0.989884
spec-5805-56336-0756.fits  0.988500 1.000000 0.988500
spec-4226-55475-0663.fits  0.987187 1.000000 0.987187
spec-5447-55958-0904.fits  0.989068 0.997088 0.986188
spec-4269-55502-0496.fits  0.985503 1.000000 0.985503
spec-3793-55214-0542.fits  0.985287 1.000000 0.985287
spec-6313-56460-0402.fits  0.984727 1.000000 0.984727
spec-4742-55660-0608.fits  0.983820 1.000000 0.983820
spec-5973-56067-0166.fits  0.983570 1.000000 0.983570
spec-3857-55272-0582.fits  0.983423 1.000000 0.983423
spec-6452-56366-0270.fits  0.983413 1.000000 0.983413
spec-4444-55538-0900.fits  0.982769 1.000000 0.982769
spec-3639-55205-0023.fits  0.982681 1.000000 0.982681
spec-6032-56067-0742.fits  0.982455 1.000000 0.982455
spec-4272-55509-0770.fits  0.981620 1.000000 0.981620
spec-4977-56047-0468.fits  0.995220 0.986170 0.981456
spec-5995-56093-0563.fits  0.981149 1.000000 0.981149
spec-4238-55455-0010.fits  0.978159 1.000000 0.978159
spec-5411-55953-0760.fits  0.975859 1.000000 0.975859
spec-6720-56390-0594.fits  0.974585 1.000000 0.974585
spec-4377-55828-0873.fits  0.973671 1.000000 0.973671
spec-6713-56402-0294.fits  0.973304 1.000000 0.973304
spec-5001-55719-0400.fits  0.972580 1.000000 0.972580
spec-6113-56219-0624.fits  0.971594 1.000000 0.971594
spec-3771-55544-0718.fits  0.971581 1.000000 0.971581
spec-5113-55924-0474.fits  0.971277 1.000000 0.971277
spec-4783-55652-0180.fits  0.969833 1.000000 0.969833
spec-6702-56381-0194.fits  0.987601 0.981802 0.969629
spec-4855-55926-0123.fits  0.969138 1.000000 0.969138
spec-7297-57040-0048.fits  0.969034 1.000000 0.969034
spec-6973-56741-0898.fits  0.972849 0.993449 0.966475
spec-7319-56962-0099.fits  0.964608 1.000000 0.964608
spec-5791-56255-0883.fits  0.989086 0.973067 0.962448
spec-4856-55712-0528.fits  0.962381 1.000000 0.962381
spec-6184-56267-0854.fits  0.960428 1.000000 0.960428
spec-6137-56270-0238.fits  0.959923 1.000000 0.959923
spec-5731-56363-0960.fits  0.959897 1.000000 0.959897
spec-4375-55889-0334.fits  0.958946 1.000000 0.958946
spec-5014-55717-0021.fits  0.958364 1.000000 0.958364
spec-4864-55680-0360.fits  0.957592 1.000000 0.957592
spec-7562-56799-0279.fits  0.956092 1.000000 0.956092
spec-3687-55269-0080.fits  0.995751 0.959965 0.955886
spec-3794-55241-0738.fits  0.954679 1.000000 0.954679
spec-4750-55630-0885.fits  0.954575 1.000000 0.954575
spec-5285-55946-0974.fits  0.954140 1.000000 0.954140
spec-3804-55267-0434.fits  0.953547 1.000000 0.953547
spec-5289-55893-0607.fits  0.953099 1.000000 0.953099
spec-3935-55326-0192.fits  0.952959 1.000000 0.952959
spec-7053-56564-0460.fits  0.952637 1.000000 0.952637
spec-5947-56093-0300.fits  0.951393 1.000000 0.951393
spec-4559-55597-0844.fits  0.951155 1.000000 0.951155
spec-5367-55986-0670.fits  0.950994 1.000000 0.950994
spec-6687-56602-0376.fits  0.979819 0.969428 0.949864
spec-3941-55321-0038.fits  0.949348 1.000000 0.949348
spec-5694-56213-0320.fits  0.948498 1.000000 0.948498
spec-4200-55499-0404.fits  0.947196 1.000000 0.947196
spec-7282-56660-0528.fits  0.956149 0.990537 0.947101
spec-7088-56657-0888.fits  0.946401 1.000000 0.946401
spec-5716-56684-0022.fits  0.963044 0.982530 0.946220
spec-6838-56429-0064.fits  0.946019 1.000000 0.946019
spec-3757-55508-0946.fits  0.944456 1.000000 0.944456
spec-3923-55325-0988.fits  0.943903 1.000000 0.943903
spec-4992-55723-0012.fits  0.940137 1.000000 0.940137
spec-7299-56686-0677.fits  0.956953 0.981802 0.939539
spec-4862-55685-0148.fits  0.939408 1.000000 0.939408
spec-4757-55653-0242.fits  0.970759 0.967244 0.938960
spec-6667-56412-0044.fits  0.969758 0.967972 0.938699
spec-7407-56772-0592.fits  0.987074 0.950502 0.938217
spec-4023-55328-0888.fits  0.937396 1.000000 0.937396
spec-7116-56681-0528.fits  0.936763 1.000000 0.936763
spec-3821-55535-0150.fits  0.936445 1.000000 0.936445
spec-3957-55664-0192.fits  0.936422 1.000000 0.936422
spec-3639-55205-0686.fits  0.936313 1.000000 0.936313
spec-7324-56935-1000.fits  0.981892 0.953414 0.936149
spec-4549-55556-0894.fits  0.935765 1.000000 0.935765
spec-5904-56046-0156.fits  0.935765 1.000000 0.935765
spec-6392-56331-0610.fits  0.974100 0.959237 0.934393
spec-5855-56088-0694.fits  0.932233 1.000000 0.932233
spec-5119-55836-0232.fits  0.931805 1.000000 0.931805
spec-4413-55894-0054.fits  0.931154 1.000000 0.931154
spec-4891-55736-0284.fits  0.954752 0.974523 0.930428
spec-5002-55710-0206.fits  0.935701 0.994177 0.930252
spec-7283-57063-0334.fits  0.930040 1.000000 0.930040
spec-6634-56367-0334.fits  0.929827 1.000000 0.929827
spec-7290-57073-0526.fits  0.940848 0.987626 0.929206
spec-6750-56367-0680.fits  0.928791 1.000000 0.928791
spec-4549-55556-0518.fits  0.949742 0.977435 0.928311
spec-6666-56371-0900.fits  0.989262 0.938128 0.928054
spec-5472-55976-0026.fits  0.927845 1.000000 0.927845
spec-6697-56419-0379.fits  0.927344 1.000000 0.927344
spec-5490-56003-0602.fits  0.927011 1.000000 0.927011
spec-4856-55712-0870.fits  0.926822 1.000000 0.926822
spec-7126-56568-0866.fits  0.926807 1.000000 0.926807
spec-5368-56001-1000.fits  0.925773 1.000000 0.925773
spec-3587-55182-0282.fits  0.925523 1.000000 0.925523
spec-6492-56362-0874.fits  0.960187 0.963605 0.925241
spec-7394-57131-0432.fits  0.924873 1.000000 0.924873
spec-4803-55734-0558.fits  0.924721 1.000000 0.924721
spec-3781-55243-0769.fits  0.924717 1.000000 0.924717
spec-6417-56308-0460.fits  0.924427 1.000000 0.924427
spec-6718-56398-0138.fits  0.985005 0.938128 0.924061
spec-6443-56367-0072.fits  0.975904 0.946863 0.924047
spec-4889-55709-0738.fits  0.923722 1.000000 0.923722
spec-6164-56181-0678.fits  0.923026 1.000000 0.923026
spec-6583-56566-0942.fits  0.922360 1.000000 0.922360
spec-6293-56561-0560.fits  0.956030 0.964333 0.921931
spec-6441-56364-0262.fits  0.921533 1.000000 0.921533
spec-7169-56628-0180.fits  0.921363 1.000000 0.921363
spec-3766-55213-0203.fits  0.920735 1.000000 0.920735
spec-4770-55928-0600.fits  0.920666 1.000000 0.920666
spec-4784-55677-0650.fits  0.967306 0.951230 0.920131
spec-5429-55979-0910.fits  0.920065 1.000000 0.920065
spec-7334-56656-0056.fits  0.919574 1.000000 0.919574
spec-3589-55186-0282.fits  0.918418 1.000000 0.918418
spec-6268-56245-0193.fits  0.933110 0.983986 0.918167
spec-6677-56385-0872.fits  0.917150 1.000000 0.917150
spec-6190-56210-0075.fits  0.917011 1.000000 0.917011
spec-7110-56746-0572.fits  0.916086 1.000000 0.916086
spec-4640-55927-0293.fits  0.915864 1.000000 0.915864
spec-4452-55536-0844.fits  0.915851 1.000000 0.915851
spec-3933-55335-0708.fits  0.925922 0.989081 0.915812
spec-3814-55535-0616.fits  0.980723 0.933760 0.915760
spec-4772-55654-0982.fits  0.925263 0.989081 0.915161
spec-4013-55629-0182.fits  0.929341 0.983986 0.914458
spec-5160-55895-0868.fits  0.914440 1.000000 0.914440
spec-6417-56308-0806.fits  0.914386 1.000000 0.914386
spec-6625-56386-0108.fits  0.947078 0.965060 0.913988
spec-6603-56567-0064.fits  0.913841 1.000000 0.913841
spec-5367-55986-0926.fits  0.983200 0.929393 0.913779
spec-4649-55621-0744.fits  0.913745 1.000000 0.913745
spec-5210-56003-0346.fits  0.913643 1.000000 0.913643
spec-4702-55618-0278.fits  0.913618 1.000000 0.913618
spec-3832-55289-0472.fits  0.912556 1.000000 0.912556
spec-5950-56211-0192.fits  0.912116 1.000000 0.912116
spec-5185-55978-0652.fits  0.912113 1.000000 0.912113
spec-5436-56015-0440.fits  0.911923 1.000000 0.911923
spec-4059-55360-0092.fits  0.911380 1.000000 0.911380
spec-5389-55953-0934.fits  0.911350 1.000000 0.911350
spec-6788-56428-0592.fits  0.911151 1.000000 0.911151
spec-6641-56383-0572.fits  0.910659 1.000000 0.910659
spec-4063-55364-0950.fits  0.910582 1.000000 0.910582
spec-7306-56684-0866.fits  0.910382 1.000000 0.910382
spec-6588-56536-0621.fits  0.909432 1.000000 0.909432
spec-5728-56334-0480.fits  0.970938 0.935944 0.908743
spec-4391-55866-0328.fits  0.908621 1.000000 0.908620
spec-4771-55925-0190.fits  0.955855 0.949774 0.907847
spec-4299-55827-0600.fits  0.913724 0.991993 0.906408
spec-5946-56101-0978.fits  0.904840 1.000000 0.904840
spec-4466-55857-0398.fits  0.964434 0.938128 0.904762
spec-5195-56048-0553.fits  0.904284 1.000000 0.904284
spec-6982-56444-0045.fits  0.903889 1.000000 0.903889
spec-4414-55882-0216.fits  0.991243 0.911195 0.903216
spec-3586-55181-0348.fits  0.902973 1.000000 0.902973
spec-3879-55244-0778.fits  0.952539 0.947591 0.902617
spec-6874-56550-0524.fits  0.991502 0.909739 0.902008
spec-6810-56447-0438.fits  0.901951 1.000000 0.901951
spec-6006-56105-0022.fits  0.901877 1.000000 0.901877
spec-5117-55925-0831.fits  0.987326 0.913379 0.901802
spec-7424-57160-0720.fits  0.913029 0.987626 0.901731
spec-4081-55365-0630.fits  0.932805 0.966516 0.901572
spec-3865-55272-0184.fits  0.913172 0.986898 0.901208
spec-6827-56428-0990.fits  0.920422 0.978891 0.900992
spec-6113-56219-0474.fits  0.900867 1.000000 0.900867
spec-5462-55978-0416.fits  0.992977 0.906828 0.900459
spec-4049-55591-0572.fits  0.900268 1.000000 0.900268
spec-6182-56190-0074.fits  0.900240 1.000000 0.900240
spec-5185-55978-0742.fits  0.960280 0.937400 0.900167
spec-6744-56399-0320.fits  0.973775 0.924298 0.900058
spec-5702-56221-0953.fits  0.900046 1.000000 0.900046
spec-3927-55333-0322.fits  0.899848 1.000000 0.899848
spec-3942-55338-0411.fits  0.899773 1.000000 0.899773
spec-6439-56358-0018.fits  0.899710 1.000000 0.899710
spec-4871-55928-0064.fits  0.899573 1.000000 0.899573
spec-3811-55538-0754.fits  0.899164 1.000000 0.899164
spec-6403-56357-0802.fits  0.898939 1.000000 0.898939
spec-4867-55924-0272.fits  0.991883 0.906100 0.898745
spec-4741-55704-0542.fits  0.898610 1.000000 0.898610
spec-7127-56566-0446.fits  0.898471 1.000000 0.898471
spec-5442-55978-0662.fits  0.898386 1.000000 0.898386
spec-4479-55592-0732.fits  0.898247 1.000000 0.898247
spec-5386-56008-0676.fits  0.898020 1.000000 0.898020
spec-6792-56432-0156.fits  0.897932 1.000000 0.897932
spec-6806-56419-0246.fits  0.897636 1.000000 0.897636
spec-5117-55925-0113.fits  0.897044 1.000000 0.897044
spec-3784-55269-0808.fits  0.897038 1.000000 0.897038
spec-4464-55866-0950.fits  0.919535 0.975251 0.896778
spec-3769-55240-0770.fits  0.896757 1.000000 0.896757
spec-5483-56017-0702.fits  0.896685 1.000000 0.896685
spec-6150-56187-0943.fits  0.933271 0.960693 0.896587
spec-3769-55240-0099.fits  0.896468 1.000000 0.896468
spec-3808-55513-0310.fits  0.896107 1.000000 0.896107
spec-5057-56209-0926.fits  0.951513 0.941767 0.896104
spec-5004-55711-0073.fits  0.895946 1.000000 0.895946
spec-5706-56165-0386.fits  0.921213 0.972339 0.895732
spec-5000-55715-0570.fits  0.895691 1.000000 0.895691
spec-6190-56210-0078.fits  0.904594 0.989809 0.895376
spec-6986-56717-0308.fits  0.968650 0.924298 0.895321
spec-7094-56660-0052.fits  0.906297 0.987626 0.895083
spec-6320-56453-0640.fits  0.894936 1.000000 0.894936
spec-3609-55201-0247.fits  0.894589 1.000000 0.894589
spec-6042-56101-0947.fits  0.894444 1.000000 0.894444
spec-6370-56238-0278.fits  0.998230 0.895909 0.894323
spec-5025-55836-0620.fits  0.894277 1.000000 0.894277
spec-6031-56091-0304.fits  0.982967 0.909739 0.894244
spec-4548-55565-0963.fits  0.893982 1.000000 0.893982
spec-4204-55470-0608.fits  0.906109 0.985442 0.892918
spec-6448-56365-0774.fits  0.913348 0.977435 0.892738
spec-5053-56213-0224.fits  0.892547 1.000000 0.892547
spec-7128-56567-0281.fits  0.917134 0.973067 0.892433
spec-4802-55652-0148.fits  0.920548 0.969428 0.892405
spec-7374-56751-0939.fits  0.892358 1.000000 0.892358
spec-3832-55289-0814.fits  0.935894 0.953414 0.892294
spec-4258-55481-0211.fits  0.892006 1.000000 0.892006
spec-4062-55383-0056.fits  0.891841 1.000000 0.891841
spec-4878-55710-0179.fits  0.946089 0.942495 0.891685
spec-6823-56687-0404.fits  0.891544 1.000000 0.891544
spec-5417-55978-0774.fits  0.889266 1.000000 0.889266
spec-4177-55688-0776.fits  0.889102 1.000000 0.889102
spec-5293-55953-0112.fits  0.986723 0.901005 0.889042
spec-4684-56226-0708.fits  0.983296 0.903916 0.888817
spec-5123-55841-0220.fits  0.888272 1.000000 0.888272
spec-5963-56191-0362.fits  0.887522 1.000000 0.887522
spec-5049-56103-0830.fits  0.887458 1.000000 0.887458
spec-5439-56045-0562.fits  0.991996 0.894453 0.887294
spec-3769-55240-0224.fits  0.992524 0.893725 0.887044
spec-5448-56013-0455.fits  0.886908 1.000000 0.886908
spec-4622-55629-0678.fits  0.886740 1.000000 0.886740
spec-4862-55685-0212.fits  0.938552 0.944679 0.886630
spec-5855-56088-0246.fits  0.886466 1.000000 0.886466
spec-6699-56411-0512.fits  0.891481 0.994177 0.886290
spec-4495-55566-0618.fits  0.886084 1.000000 0.886084
spec-7416-56810-0278.fits  0.935775 0.946863 0.886050
spec-3765-55508-0308.fits  0.885805 1.000000 0.885805
spec-7424-57160-0718.fits  0.885555 1.000000 0.885555
spec-3697-55290-0176.fits  0.885479 1.000000 0.885479
spec-5460-56000-0752.fits  0.885415 1.000000 0.885415
spec-7389-56769-0642.fits  0.916769 0.965788 0.885404
spec-7516-56782-0018.fits  0.885139 1.000000 0.885139
spec-5883-56033-0759.fits  0.884134 1.000000 0.884134
spec-7565-56809-0676.fits  0.883844 1.000000 0.883844
spec-3937-55352-0696.fits  0.909582 0.971612 0.883761
spec-3868-55360-0051.fits  0.883582 1.000000 0.883582
spec-5430-56000-0286.fits  0.883437 1.000000 0.883437
spec-5694-56213-0566.fits  0.955392 0.924298 0.883067
spec-7113-56711-0210.fits  0.882681 1.000000 0.882681
spec-5479-56016-0856.fits  0.882206 1.000000 0.882206
spec-5349-55929-0289.fits  0.882113 1.000000 0.882113
spec-4051-55337-0438.fits  0.901104 0.978891 0.882082
spec-5200-56091-0848.fits  0.883811 0.997816 0.881881
spec-6783-56284-0978.fits  0.976152 0.903188 0.881649
spec-5050-56215-0156.fits  0.881632 1.000000 0.881632
spec-7379-56713-0522.fits  0.881370 1.000000 0.881370
spec-6626-56330-0806.fits  0.881369 1.000000 0.881369
spec-3745-55234-0812.fits  0.973255 0.905372 0.881157
spec-3879-55244-0698.fits  0.880920 1.000000 0.880920
spec-5735-55980-0192.fits  0.897898 0.980346 0.880251
spec-4748-55631-0274.fits  0.879971 1.000000 0.879971
spec-5163-55889-0836.fits  0.879949 1.000000 0.879949
spec-6317-56448-0166.fits  0.902768 0.974523 0.879768
spec-5206-56033-0602.fits  0.879059 1.000000 0.879059
spec-6743-56385-0992.fits  0.907987 0.967972 0.878906
spec-5710-56658-0524.fits  0.878891 1.000000 0.878891
spec-6661-56366-0664.fits  0.953016 0.922114 0.878790
spec-5741-55980-0236.fits  0.878650 1.000000 0.878650
spec-4504-55571-0320.fits  0.878119 1.000000 0.878119
spec-7432-57107-0772.fits  0.965048 0.909739 0.877942
spec-4314-55855-0292.fits  0.920696 0.953414 0.877805
spec-4207-55475-0460.fits  0.877802 1.000000 0.877802
spec-7428-56781-0645.fits  0.934943 0.938856 0.877776
spec-5732-56326-0556.fits  0.877421 1.000000 0.877421
spec-6009-56313-0294.fits  0.932326 0.941039 0.877355
spec-5702-56221-0654.fits  0.877231 1.000000 0.877231
spec-4293-55509-0677.fits  0.908214 0.965788 0.877143
spec-7374-56751-0190.fits  0.877119 1.000000 0.877119
spec-4454-55536-0599.fits  0.876630 1.000000 0.876630
spec-4238-55455-0208.fits  0.927030 0.945407 0.876421
spec-4005-55325-0414.fits  0.983592 0.890814 0.876197
spec-4709-55720-0868.fits  0.875966 1.000000 0.875966
spec-4624-55654-0842.fits  0.875439 1.000000 0.875439
spec-5003-55715-0883.fits  0.875394 1.000000 0.875394
spec-4373-55811-0278.fits  0.875220 1.000000 0.875220
spec-3775-55207-0202.fits  0.874676 1.000000 0.874676
spec-4357-55829-0870.fits  0.874671 1.000000 0.874671
spec-3837-55572-0938.fits  0.886872 0.986170 0.874607
spec-4616-55617-0790.fits  0.904859 0.966516 0.874561
spec-5400-56308-0191.fits  0.874210 1.000000 0.874210
spec-4739-55644-0106.fits  0.873997 0.999272 0.873361
spec-5381-56009-0798.fits  0.913814 0.955598 0.873239
spec-6627-56369-0080.fits  0.913102 0.956326 0.873223
spec-3986-55329-0820.fits  0.873219 1.000000 0.873219
spec-4221-55443-0840.fits  0.889305 0.981802 0.873122
spec-7422-56799-0900.fits  0.952779 0.916291 0.873022
spec-4896-55712-0634.fits  0.872822 1.000000 0.872822
spec-4757-55653-0622.fits  0.984628 0.886446 0.872820
spec-7108-56686-0527.fits  0.957012 0.911923 0.872721
spec-3773-55240-0400.fits  0.872113 1.000000 0.872113
spec-3783-55246-0798.fits  0.943919 0.923570 0.871774
spec-6660-56370-0856.fits  0.902634 0.965788 0.871754
spec-4772-55654-0627.fits  0.946071 0.921386 0.871696
spec-5172-56071-0705.fits  0.871363 1.000000 0.871363
spec-6170-56240-0060.fits  0.928060 0.938856 0.871314
spec-4222-55444-0126.fits  0.943320 0.923570 0.871221
spec-6726-56394-0238.fits  0.966907 0.901005 0.871187
spec-5361-55973-0680.fits  0.870959 1.000000 0.870959
spec-3639-55205-0842.fits  0.870894 1.000000 0.870894
spec-6145-56266-0306.fits  0.923098 0.943223 0.870688
spec-5004-55711-0236.fits  0.870073 1.000000 0.870073
spec-6597-56304-0876.fits  0.870006 1.000000 0.870006
spec-5314-55952-0118.fits  0.972980 0.893725 0.869577
spec-3744-55209-0152.fits  0.974344 0.892270 0.869377
spec-4182-55446-0314.fits  0.875751 0.992721 0.869376
spec-7106-56663-0806.fits  0.869190 1.000000 0.869190
spec-6693-56384-0540.fits  0.895698 0.970156 0.868967
spec-4229-55501-0323.fits  0.868950 1.000000 0.868950
spec-6061-56076-0646.fits  0.868098 1.000000 0.868098
spec-4427-56107-0436.fits  0.994769 0.872616 0.868051
spec-5468-56014-0806.fits  0.867823 1.000000 0.867823
spec-7390-57130-0035.fits  0.867297 1.000000 0.867297
spec-7420-56753-0526.fits  0.866322 1.000000 0.866322
spec-6813-56419-0886.fits  0.948336 0.913379 0.866190
spec-5371-55976-0371.fits  0.865896 1.000000 0.865896
spec-7141-56565-0162.fits  0.979886 0.883535 0.865763
spec-4994-55739-0984.fits  0.865606 1.000000 0.865606
spec-6500-56541-0226.fits  0.911282 0.949774 0.865512
spec-5028-55836-0501.fits  0.885063 0.977435 0.865092
spec-6370-56238-0069.fits  0.962251 0.898821 0.864891
spec-3925-55338-0502.fits  0.864803 1.000000 0.864803
spec-6737-56365-0301.fits  0.864738 1.000000 0.864738
spec-6060-56074-0790.fits  0.863677 1.000000 0.863677
spec-6702-56381-0304.fits  0.992808 0.869704 0.863449
spec-3831-55543-0068.fits  0.925213 0.933032 0.863254
spec-7374-56751-0842.fits  0.906801 0.951958 0.863236
spec-6428-56279-0912.fits  0.863159 1.000000 0.863159
spec-7098-56661-0904.fits  0.862967 1.000000 0.862967
spec-3590-55201-0368.fits  0.862634 1.000000 0.862634
spec-5142-55825-0110.fits  0.862363 1.000000 0.862363
spec-4831-55679-0596.fits  0.862350 1.000000 0.862350
spec-6837-56442-0378.fits  0.862267 1.000000 0.862267
spec-7240-56665-0296.fits  0.862191 1.000000 0.862191
spec-3735-55209-0664.fits  0.862055 1.000000 0.862055
spec-5779-56338-0372.fits  0.861935 1.000000 0.861935
spec-3849-55274-0778.fits  0.861934 1.000000 0.861934
spec-5427-56001-0856.fits  0.861658 1.000000 0.861658
spec-4736-55631-0254.fits  0.890097 0.967972 0.861589
spec-7287-57042-0886.fits  0.951806 0.904644 0.861046
spec-4559-55597-0032.fits  0.911866 0.943951 0.860756
spec-4763-55869-0582.fits  0.862738 0.997088 0.860226
spec-5955-56456-0126.fits  0.876624 0.981074 0.860034
spec-5212-56016-0428.fits  0.880399 0.976707 0.859892
spec-6375-56323-0817.fits  0.859849 1.000000 0.859849
spec-6018-56067-0754.fits  0.859254 1.000000 0.859254
spec-4750-55630-0188.fits  0.859218 1.000000 0.859218
spec-6604-56337-0344.fits  0.858825 1.000000 0.858825
spec-5320-55999-0680.fits  0.858462 1.000000 0.858462
spec-3871-55307-0756.fits  0.857723 1.000000 0.857723
spec-4774-55659-0016.fits  0.948820 0.903188 0.856963
spec-6487-56362-0968.fits  0.894547 0.957781 0.856780
spec-4545-55567-0710.fits  0.856565 1.000000 0.856565
spec-6520-56541-0220.fits  0.883264 0.969428 0.856260
spec-5772-56003-0400.fits  0.856136 1.000000 0.856136
spec-6113-56219-0350.fits  0.918272 0.932305 0.856109
spec-6507-56478-0606.fits  0.856005 1.000000 0.856005
spec-6724-56416-0758.fits  0.855488 1.000000 0.855488
spec-5462-55978-0222.fits  0.893196 0.957781 0.855486
spec-6370-56238-0392.fits  0.961738 0.889358 0.855330
spec-6190-56210-0071.fits  0.905836 0.943951 0.855064
spec-5952-56453-0822.fits  0.854749 1.000000 0.854749
spec-6713-56402-0333.fits  0.955602 0.894453 0.854742
spec-4043-55630-0927.fits  0.854088 1.000000 0.854088
spec-5356-55979-0167.fits  0.853849 1.000000 0.853849
spec-3855-55268-0244.fits  0.853705 1.000000 0.853705
spec-7298-56661-0078.fits  0.853505 1.000000 0.853505
spec-3794-55241-0009.fits  0.986295 0.865337 0.853478
spec-6476-56358-0481.fits  0.853473 1.000000 0.853473
spec-5043-56187-0810.fits  0.916055 0.931577 0.853376
spec-3826-55563-0768.fits  0.853313 1.000000 0.853313
spec-4895-55708-0566.fits  0.853061 1.000000 0.853061
spec-4703-55617-0306.fits  0.853029 1.000000 0.853029
spec-4481-55630-0288.fits  0.936117 0.911195 0.852985
spec-4005-55325-0614.fits  0.966108 0.882807 0.852886
spec-3875-55364-0198.fits  0.901434 0.946135 0.852878
spec-6728-56426-0760.fits  0.864638 0.986170 0.852680
spec-5406-55955-0476.fits  0.852632 1.000000 0.852632
spec-3775-55207-0284.fits  0.852136 1.000000 0.852136
spec-7389-56769-0528.fits  0.852054 1.000000 0.852054
spec-7054-56575-0842.fits  0.851878 1.000000 0.851878
spec-4487-55866-0230.fits  0.915823 0.930121 0.851826
spec-4005-55325-0882.fits  0.851810 1.000000 0.851810
spec-3788-55246-0616.fits  0.949825 0.896637 0.851648
spec-7096-56683-0978.fits  0.970286 0.877711 0.851631
spec-4997-55738-0250.fits  0.904959 0.941039 0.851602
spec-4240-55455-0342.fits  0.851420 1.000000 0.851420
spec-5354-55927-0950.fits  0.851308 1.000000 0.851308
spec-4323-55884-0677.fits  0.851051 1.000000 0.851051
spec-7116-56681-0220.fits  0.850844 1.000000 0.850844
spec-4557-55588-0376.fits  0.850592 1.000000 0.850592
spec-4530-55564-0418.fits  0.962657 0.883535 0.850540
spec-5801-56328-0008.fits  0.850537 1.000000 0.850537
spec-7109-56658-0230.fits  0.850529 1.000000 0.850529
spec-5735-55980-0970.fits  0.961816 0.884263 0.850498
spec-3586-55181-0918.fits  0.894620 0.950502 0.850339
spec-4356-55829-0580.fits  0.881735 0.964333 0.850286
spec-7310-56693-0036.fits  0.969275 0.876984 0.850038
spec-7394-57131-0155.fits  0.886289 0.958509 0.849516
spec-4204-55470-0738.fits  0.849506 1.000000 0.849506
spec-7309-56991-0476.fits  0.867163 0.979619 0.849488
spec-3770-55234-0708.fits  0.849166 1.000000 0.849166
spec-7089-56661-0144.fits  0.849138 1.000000 0.849138
spec-5992-56066-0136.fits  0.849136 1.000000 0.849136
spec-7429-56740-0148.fits  0.959476 0.884991 0.849127
spec-5496-55888-0518.fits  0.941451 0.901732 0.848937
spec-5715-56657-0354.fits  0.968413 0.876256 0.848577
spec-7090-56659-0801.fits  0.927979 0.914107 0.848272
spec-5056-55921-0698.fits  0.848050 1.000000 0.848050
spec-4362-55828-0244.fits  0.847886 1.000000 0.847886
spec-4712-55738-0144.fits  0.879061 0.964333 0.847707
spec-3751-55234-0610.fits  0.847590 1.000000 0.847590
spec-7418-57165-0849.fits  0.876125 0.967244 0.847426
spec-6144-56237-0414.fits  0.847370 1.000000 0.847370
spec-5864-56047-0166.fits  0.977540 0.866793 0.847325
spec-5357-55956-0408.fits  0.974090 0.869704 0.847171
spec-6428-56279-0378.fits  0.847048 1.000000 0.847048
spec-4048-55602-0266.fits  0.902199 0.938856 0.847035
spec-4759-55649-0368.fits  0.846722 1.000000 0.846722
spec-6370-56238-0143.fits  0.934943 0.905372 0.846471
spec-3670-55480-0308.fits  0.906387 0.933760 0.846348
spec-7152-56660-0203.fits  0.846257 1.000000 0.846257
spec-7296-57046-0896.fits  0.926474 0.913379 0.846222
spec-5130-55835-0214.fits  0.977767 0.865337 0.846098
spec-4797-55662-0524.fits  0.846069 1.000000 0.846069
spec-5859-56065-0651.fits  0.930698 0.909012 0.846015
spec-3962-55660-0132.fits  0.945037 0.895181 0.845979
spec-6690-56416-0860.fits  0.867244 0.975251 0.845781
spec-6126-56269-0956.fits  0.896430 0.943223 0.845534
spec-4662-55590-0016.fits  0.845509 1.000000 0.845509
spec-4452-55536-0019.fits  0.845482 1.000000 0.845482
spec-6497-56329-0028.fits  0.844896 1.000000 0.844896
spec-5776-56010-0782.fits  0.844792 1.000000 0.844792
spec-7453-56749-0112.fits  0.844691 1.000000 0.844691
spec-3938-55328-0623.fits  0.899600 0.938856 0.844595
spec-6738-56424-0878.fits  0.978460 0.863153 0.844561
spec-4754-55649-0294.fits  0.973438 0.867521 0.844477
spec-6039-56099-0934.fits  0.844272 1.000000 0.844272
spec-4786-55651-0210.fits  0.844109 1.000000 0.844109
spec-6684-56412-0138.fits  0.844030 1.000000 0.844030
spec-6044-56090-0220.fits  0.843992 1.000000 0.843992
spec-3825-55533-0358.fits  0.843698 1.000000 0.843698
spec-5363-55956-0511.fits  0.999264 0.844228 0.843606
spec-4383-55881-0786.fits  0.985264 0.855874 0.843262
spec-5482-56017-0304.fits  0.842955 1.000000 0.842955
spec-6446-56363-0517.fits  1.000000 0.842772 0.842771
spec-4043-55630-0388.fits  0.842706 1.000000 0.842706
spec-4068-55445-0814.fits  0.928152 0.907556 0.842350
spec-6163-56219-0754.fits  0.957283 0.879895 0.842309
spec-5370-56003-0206.fits  0.842039 1.000000 0.842039
spec-5161-55968-0443.fits  0.952048 0.884263 0.841861
spec-6662-56364-0740.fits  0.887643 0.948319 0.841769
spec-5169-56045-0750.fits  0.841740 1.000000 0.841740
spec-4067-55361-0930.fits  0.841670 1.000000 0.841670
spec-4465-55858-0068.fits  0.841365 1.000000 0.841365
spec-4568-55600-0262.fits  0.841303 1.000000 0.841303
spec-5414-56014-0074.fits  0.841255 1.000000 0.841255
spec-6490-56330-0216.fits  0.928802 0.905372 0.840911
spec-7565-56809-0535.fits  0.936316 0.898093 0.840898
spec-4048-55602-0010.fits  0.993454 0.846411 0.840871
spec-5885-56036-0366.fits  0.878588 0.957053 0.840855
spec-6414-56306-0976.fits  0.840783 1.000000 0.840783
spec-7281-57007-0660.fits  0.840779 1.000000 0.840779
spec-6471-56309-0085.fits  0.872457 0.963605 0.840704
spec-3678-55208-0258.fits  0.840061 1.000000 0.840061
spec-5947-56093-0181.fits  0.877673 0.957053 0.839980
spec-6620-56368-0354.fits  0.839831 1.000000 0.839831
spec-7334-56656-0407.fits  0.839740 1.000000 0.839740
spec-5797-56273-0920.fits  0.860938 0.975251 0.839631
spec-5401-55949-0754.fits  0.839596 1.000000 0.839596
spec-3984-55333-0274.fits  0.839472 1.000000 0.839472
spec-3639-55205-0631.fits  0.957964 0.876256 0.839421
spec-4556-55912-0898.fits  0.839243 1.000000 0.839243
spec-7326-56710-0442.fits  0.839152 1.000000 0.839152
spec-6506-56564-0366.fits  0.879352 0.954142 0.839026
spec-6051-56093-0114.fits  0.950371 0.882079 0.838302
spec-3963-55659-0349.fits  0.892709 0.938856 0.838125
spec-4279-55508-0696.fits  0.981548 0.853690 0.837938
spec-7083-56722-0927.fits  0.970674 0.863153 0.837840
spec-4890-55741-0290.fits  0.837785 1.000000 0.837785
spec-6836-56443-0752.fits  0.837659 1.000000 0.837659
spec-6011-56103-0601.fits  0.837547 1.000000 0.837547
spec-4239-55458-0320.fits  0.958814 0.873344 0.837374
spec-6631-56364-0556.fits  0.936066 0.894453 0.837267
spec-7386-56769-0931.fits  0.933734 0.896637 0.837221
spec-6034-56103-0014.fits  0.836852 1.000000 0.836852
spec-6277-56273-0980.fits  0.883764 0.946863 0.836803
spec-3987-55590-0764.fits  0.947778 0.882807 0.836705
spec-7147-56574-0752.fits  0.942314 0.887902 0.836683
