                                                  G         K Composite
data/spec-1353-53083-0579.fits            0.9900078 0.8326456 0.9900078
data/8oclockArc_spec-6184-56267-0854.fits 0.9791997 0.9197616 0.9791997
data/spec-5301-55987-0190.fits            0.9617422 0.8881247 0.9617422
data/spec-2124-53770-0113.fits            0.9157252 0.8500688 0.9157252
data/spec-5972-56334-0558.fits            0.9039283 0.8839982 0.9039283
data/spec-7257-56658-0239.fits            0.8372455 0.8876662 0.8372455
data/spec-5454-56015-0641.fits            0.8301293 0.8386061 0.8301293
data/spec-7089-56661-0076.fits            0.9596024 0.7579092 0.8216088
data/spec-4242-55476-0780.fits            0.8209537 0.8789546 0.8209537
data/spec-5302-55896-0613.fits            0.8203265 0.8982118 0.8203265
data/spec-5793-56337-0530.fits            0.8183814 0.8569464 0.8183814
data/spec-5324-55947-0886.fits            0.9445905 0.7620358 0.8159853
data/spec-7424-57160-0977.fits            0.8029423 0.8459422 0.8029423
data/spec-1719-53876-0095.fits            0.8285712 0.8106373 0.7925756
data/spec-2634-54110-0244.fits            0.7896074 0.8404402 0.7896074
data/spec-1437-53046-0166.fits            0.7888712 0.9202201 0.7888712
data/spec-6008-56093-0606.fits            0.7881537 0.8950023 0.7881537
data/spec-5331-55976-0504.fits            0.8141554 0.8143054 0.7846386
data/spec-3808-55513-0602.fits            0.9549607 0.7363595 0.7799939
data/spec-0991-52707-0359.fits            0.7721959 0.8321871 0.7715583
data/spec-6439-56358-0432.fits            0.9686624 0.7203118 0.7633371
data/spec-4611-55603-0878.fits            0.8638648 0.7725814 0.7632807
data/spec-1311-52765-0413.fits            0.9106016 0.7464466 0.7604576
data/spec-4391-55866-0036.fits            0.7549288 0.8642824 0.7549288
data/spec-5047-55833-0214.fits            0.7811014 0.8124713 0.7499728
data/spec-1081-52531-0173.fits            0.7325042 0.8995873 0.7325042
data/spec-2382-54169-0116.fits            0.8312926 0.7652453 0.7230810
data/spec-2356-53786-0499.fits            0.8582220 0.7491976 0.7210363
data/spec-2188-54595-0112.fits            0.7608782 0.8046768 0.7189790
data/spec-6406-56330-0456.fits            0.8482562 0.7501146 0.7140901
data/spec-2261-53612-0404.fits            0.8939604 0.7239798 0.7103034
data/spec-5015-55707-0294.fits            0.9068762 0.7175608 0.7102251
data/spec-5328-55982-0218.fits            0.9704317 0.6868409 0.7081507
data/spec-1301-52976-0123.fits            0.8614805 0.7386520 0.7072154
data/spec-2161-53878-0604.fits            0.7032933 0.9064649 0.7032933
data/spec-1923-53319-0383.fits            0.8402935 0.7441541 0.6982257
data/spec-1626-53472-0286.fits            0.8214594 0.7450711 0.6839499
data/spec-1382-53115-0469.fits            0.7312747 0.7977992 0.6812624
data/spec-2913-54526-0229.fits            0.8468702 0.7290234 0.6805236
data/spec-1757-53083-0437.fits            0.8368949 0.7340669 0.6800965
data/spec-0390-51900-0010.fits            0.8218816 0.7404860 0.6774417
data/spec-7301-56746-0454.fits            0.8356481 0.7276479 0.6694466
data/spec-2620-54339-0453.fits            0.8801854 0.6983035 0.6596485
data/spec-2557-54178-0009.fits            0.8280693 0.7230628 0.6565960
data/spec-6447-56362-0485.fits            0.8306832 0.7148097 0.6465157
data/spec-7235-56603-0338.fits            0.9570147 0.6533700 0.6447058
data/spec-7255-56597-0896.fits            0.9477430 0.6542870 0.6398872
data/spec-1026-52558-0067.fits            0.8322955 0.7070151 0.6363747
data/spec-2359-53826-0199.fits            0.8512523 0.6882164 0.6231843
data/spec-2118-53820-0538.fits            0.7695261 0.7317744 0.6221731
data/spec-1232-52731-0467.fits            0.8625573 0.6808803 0.6206785
data/spec-6656-56624-0929.fits            0.8037660 0.6941770 0.5966475
data/spec-1105-52937-0368.fits            0.7775410 0.7056396 0.5926403
data/spec-1997-53442-0041.fits            0.8366734 0.6735442 0.5916847
data/spec-6620-56368-0501.fits            0.8026654 0.6895919 0.5895057
data/spec-1788-54468-0050.fits            0.7456326 0.7138927 0.5791156
data/spec-1054-52516-0291.fits            0.7262611 0.7230628 0.5758699
data/spec-6049-56091-0278.fits            0.7373406 0.7138927 0.5726754
data/spec-6145-56266-0755.fits            0.7964480 0.6781293 0.5693964
data/spec-1959-53440-0382.fits            0.8798042 0.6350298 0.5665003
data/spec-6064-56097-0818.fits            0.8319161 0.6533700 0.5604314
data/spec-5397-55944-0285.fits            0.7718360 0.6813388 0.5559980
data/spec-7395-57131-0208.fits            0.7844769 0.6744613 0.5559826
data/spec-0509-52374-0631.fits            0.8266912 0.6464924 0.5476175
data/spec-6461-56329-0925.fits            0.8134472 0.6501605 0.5437123
data/spec-6803-56402-0747.fits            0.7923685 0.6593306 0.5415707
data/spec-0995-52731-0137.fits            0.8116565 0.6492435 0.5412991
data/spec-7258-56605-0453.fits            0.7873627 0.6593306 0.5381494
data/spec-0632-52071-0263.fits            0.8001675 0.6474094 0.5312428
data/spec-4058-55358-0634.fits            0.7660027 0.6602476 0.5247123
data/spec-5111-55840-0716.fits            0.8059958 0.6391564 0.5243270
data/spec-5336-55957-0105.fits            0.7878568 0.6469509 0.5224810
data/spec-0750-52235-0328.fits            0.7356441 0.6703347 0.5162746
data/shapley_lyman_break_template.fit     0.7653648 0.6460339 0.5064226
data/spec-4870-55923-0229.fits            0.7981514 0.6249427 0.5010850
data/spec-6466-56310-0992.fits            0.8078228 0.6194406 0.5001378
data/spec-1728-53228-0337.fits            0.6539864 0.7070151 0.5000392
data/spec-4494-55569-0447.fits            0.8004390 0.6217331 0.4984583
data/spec-2422-54096-0519.fits            0.8293343 0.6075195 0.4980154
data/spec-1229-52723-0306.fits            0.8103297 0.6139386 0.4946981
data/spec-6053-56091-0724.fits            0.7796939 0.6258597 0.4906309
data/spec-1568-53169-0578.fits            0.8072279 0.6088950 0.4864629
data/spec-6125-56273-0414.fits            0.7738849 0.6185236 0.4780101
data/spec-0924-52409-0636.fits            0.7422391 0.6309033 0.4730201
data/spec-0314-51641-0211.fits            0.7930926 0.6043099 0.4723154
data/spec-6161-56238-0336.fits            0.8070074 0.5955983 0.4698127
data/spec-5027-56218-0605.fits            0.7694421 0.6102705 0.4653366
data/spec-4464-55866-0887.fits            0.7605311 0.6084365 0.4577806
data/spec-1397-53119-0412.fits            0.7397298 0.6134801 0.4510678
data/spec-1685-53463-0384.fits            0.8022513 0.5795507 0.4476043
data/spec-4347-55830-0615.fits            0.7726131 0.5891793 0.4422532
data/spec-1672-53460-0251.fits            0.7812003 0.5823017 0.4390757
data/spec-6512-56567-0742.fits            0.7384869 0.5997249 0.4345852
data/spec-3755-55504-0496.fits            0.7904214 0.5735901 0.4339938
data/spec-5451-56010-0798.fits            0.7883515 0.5726731 0.4317865
data/spec-6465-56279-0857.fits            0.7672373 0.5735901 0.4212641
data/spec-4801-55653-0130.fits            0.7685391 0.5726731 0.4209351
data/spec-2179-53555-0564.fits            0.7460851 0.5767996 0.4132066
data/spec-0935-52643-0464.fits            0.7456606 0.5763411 0.4124628
data/spec-6754-56414-0896.fits            0.7418057 0.5740486 0.4078047
data/spec-4039-55648-0759.fits            0.7427887 0.5685465 0.4023072
data/spec-4176-55682-0865.fits            0.8096369 0.5300321 0.3938167
